=== Run information ===

Evaluator:    weka.attributeSelection.PrincipalComponents -R 0.95 -A 5
Search:       weka.attributeSelection.Ranker -T -1.7976931348623157E308 -N -1
Relation:     waveform
Instances:    5000
Attributes:   41
              x1
              x2
              x3
              x4
              x5
              x6
              x7
              x8
              x9
              x10
              x11
              x12
              x13
              x14
              x15
              x16
              x17
              x18
              x19
              x20
              x21
              x22
              x23
              x24
              x25
              x26
              x27
              x28
              x29
              x30
              x31
              x32
              x33
              x34
              x35
              x36
              x37
              x38
              x39
              x40
              class
Evaluation mode:    evaluate on all training data



=== Attribute Selection on all input data ===

Search Method:
	Attribute ranking.

Attribute Evaluator (unsupervised):
	Principal Components Attribute Transformer

Correlation matrix
  1      0     -0.02  -0.01  -0.01  -0.01  -0.03  -0.01  -0.02   0.01   0.01   0.02   0.01   0      0.01   0.01   0      0      0.01  -0.01  -0      0.01  -0.01   0.01   0.01   0     -0.01  -0.02   0      0.01  -0.01   0.01  -0.02  -0      0      0.01  -0.01  -0.01  -0.01  -0.01 
  0      1      0.18   0.21   0.24   0.23   0.25   0.2    0.12   0     -0.15  -0.22  -0.25  -0.23  -0.19  -0.17  -0.1   -0.09  -0.1   -0.05  -0.01  -0.01  -0.01  -0.01   0.01  -0     -0     -0.01  -0.01  -0.01  -0.02  -0.01   0.02  -0     -0.01  -0      0.01   0.01   0.01   0.02 
 -0.02   0.18   1      0.38   0.45   0.45   0.45   0.37   0.22  -0.01  -0.23  -0.37  -0.43  -0.42  -0.35  -0.28  -0.21  -0.18  -0.14  -0.07  -0.02  -0.02   0      0.02   0.01   0.02  -0.01   0.01   0.01   0     -0.01   0     -0.03   0.02   0.01  -0.01  -0.03   0      0.02   0    
 -0.01   0.21   0.38   1      0.57   0.58   0.58   0.48   0.29  -0.01  -0.3   -0.47  -0.56  -0.53  -0.45  -0.39  -0.28  -0.25  -0.2   -0.12  -0.01  -0.01  -0.01   0.02  -0.01   0.01   0.01  -0     -0.01  -0.01  -0.01  -0.01  -0.01   0.02   0.01   0     -0.02   0.01   0.02   0.01 
 -0.01   0.24   0.45   0.57   1      0.67   0.66   0.55   0.32  -0.01  -0.33  -0.53  -0.64  -0.61  -0.52  -0.44  -0.34  -0.28  -0.23  -0.11   0      0.01   0.01   0.02   0      0.02   0.01  -0.01  -0.02   0.01  -0.01  -0.01  -0.01   0.03   0      0      0.01   0.02   0.03   0.01 
 -0.01   0.23   0.45   0.58   0.67   1      0.71   0.62   0.43   0.11  -0.23  -0.49  -0.66  -0.66  -0.62  -0.54  -0.44  -0.37  -0.31  -0.17  -0.01   0     -0.01   0.01  -0.01   0.01   0     -0.01  -0.01   0.01  -0.01  -0.01  -0.02   0.01  -0.01  -0.01  -0.01   0.03   0.02   0    
 -0.03   0.25   0.45   0.58   0.66   0.71   1      0.69   0.53   0.2   -0.14  -0.44  -0.66  -0.71  -0.69  -0.62  -0.52  -0.45  -0.37  -0.2   -0.01   0.01  -0.01   0.02  -0      0.01   0.01  -0.01  -0      0.01  -0.02  -0     -0.01   0.02   0.01  -0     -0.01   0.02   0.02  -0.01 
 -0.01   0.2    0.37   0.48   0.55   0.62   0.69   1      0.6    0.35   0.04  -0.28  -0.55  -0.65  -0.71  -0.66  -0.61  -0.53  -0.41  -0.22  -0.02   0.01   0      0     -0.01  -0.01   0.02   0.01   0      0.01  -0.01  -0     -0.02  -0      0.02  -0.01  -0.01   0.03   0.02   0.02 
 -0.02   0.12   0.22   0.29   0.32   0.43   0.53   0.6    1      0.51   0.32  -0.01  -0.33  -0.51  -0.65  -0.65  -0.65  -0.56  -0.44  -0.25  -0.01   0      0.01   0.01  -0     -0      0.03   0.01   0.01   0     -0.02  -0.01  -0.01   0      0     -0.02  -0.01   0.03  -0.01   0.01 
  0.01   0     -0.01  -0.01  -0.01   0.11   0.2    0.35   0.51   1      0.52   0.27  -0.02  -0.24  -0.43  -0.46  -0.53  -0.45  -0.37  -0.22  -0.01   0      0.02   0.02   0.02  -0     -0      0.01   0.01  -0     -0.01  -0.02  -0.01  -0.01  -0.01  -0.03  -0.01   0.03  -0.01  -0.01 
  0.01  -0.15  -0.23  -0.3   -0.33  -0.23  -0.14   0.04   0.32   0.52   1      0.52   0.32   0.1   -0.13  -0.19  -0.31  -0.29  -0.21  -0.11  -0.01   0.01   0.02   0      0     -0.01   0      0.01   0.03  -0.02  -0     -0      0     -0.01  -0.02  -0.01   0.01   0.01  -0.03  -0.02 
  0.02  -0.22  -0.37  -0.47  -0.53  -0.49  -0.44  -0.28  -0.01   0.27   0.52   1      0.53   0.39   0.22   0.13   0.01   0.01   0.01   0      0     -0.01  -0     -0      0.02  -0     -0.01   0.01   0.03  -0.02   0.01  -0      0.02  -0     -0.01  -0.01   0.01   0.01  -0.03  -0.02 
  0.01  -0.25  -0.43  -0.56  -0.64  -0.66  -0.66  -0.55  -0.33  -0.02   0.32   0.53   1      0.6    0.53   0.44   0.33   0.29   0.22   0.12   0     -0      0.02  -0.01   0.01  -0.01   0      0      0.02  -0      0.02  -0      0.03  -0.02  -0     -0      0.01  -0.02  -0     -0.03 
  0     -0.23  -0.42  -0.53  -0.61  -0.66  -0.71  -0.65  -0.51  -0.24   0.1    0.39   0.6    1      0.67   0.61   0.53   0.45   0.35   0.2    0.01  -0.01   0     -0.01  -0.01  -0.01  -0.01  -0     -0     -0.01   0.01   0.02   0.01  -0.02  -0.01  -0      0.02  -0.02  -0.01  -0.02 
  0.01  -0.19  -0.35  -0.45  -0.52  -0.62  -0.69  -0.71  -0.65  -0.43  -0.13   0.22   0.53   0.67   1      0.71   0.67   0.58   0.45   0.25   0.01  -0.01  -0     -0.02   0.01  -0.01  -0.01  -0     -0.01  -0      0.02   0      0.02   0.01  -0.01  -0.01   0.02  -0.04   0.01   0.01 
  0.01  -0.17  -0.28  -0.39  -0.44  -0.54  -0.62  -0.66  -0.65  -0.46  -0.19   0.13   0.44   0.61   0.71   1      0.66   0.59   0.44   0.26   0.01  -0.02   0     -0.01   0.02   0.01  -0      0     -0.01  -0.01   0.01   0.01   0.01  -0.01   0      0.02   0.02  -0.03   0     -0    
  0     -0.1   -0.21  -0.28  -0.34  -0.44  -0.52  -0.61  -0.65  -0.53  -0.31   0.01   0.33   0.53   0.67   0.66   1      0.58   0.44   0.26   0.01  -0.02  -0.01  -0.01   0     -0     -0.01  -0     -0.01   0.01   0.01   0      0.02  -0     -0.01   0.01   0.02  -0.04   0.02   0.03 
  0     -0.09  -0.18  -0.25  -0.28  -0.37  -0.45  -0.53  -0.56  -0.45  -0.29   0.01   0.29   0.45   0.58   0.59   0.58   1      0.38   0.22   0.02   0.01   0.02  -0.01   0.01   0.01  -0.01   0     -0.02  -0.02   0     -0      0.01   0     -0.02   0     -0     -0.03   0.01  -0.01 
  0.01  -0.1   -0.14  -0.2   -0.23  -0.31  -0.37  -0.41  -0.44  -0.37  -0.21   0.01   0.22   0.35   0.45   0.44   0.44   0.38   1      0.17  -0     -0.01   0     -0.02   0.01  -0.01  -0.02  -0.02  -0.01  -0      0.02   0.01   0.01  -0.01   0.01  -0.02   0.01  -0.03  -0.01   0.02 
 -0.01  -0.05  -0.07  -0.12  -0.11  -0.17  -0.2   -0.22  -0.25  -0.22  -0.11   0      0.12   0.2    0.25   0.26   0.26   0.22   0.17   1      0.01  -0.01   0.01   0     -0.02   0.01  -0.02   0.02  -0.01  -0      0.01   0.01  -0.01  -0.02   0.01   0.04   0.01  -0.02   0.01  -0.01 
 -0     -0.01  -0.02  -0.01   0     -0.01  -0.01  -0.02  -0.01  -0.01  -0.01   0      0      0.01   0.01   0.01   0.01   0.02  -0      0.01   1     -0.01   0.02  -0     -0.01  -0     -0.02  -0.02  -0.02  -0.03   0.01   0.01   0      0.01  -0.02  -0.01   0.01  -0      0     -0.01 
  0.01  -0.01  -0.02  -0.01   0.01   0      0.01   0.01   0      0      0.01  -0.01  -0     -0.01  -0.01  -0.02  -0.02   0.01  -0.01  -0.01  -0.01   1      0.02   0     -0     -0      0.01   0.01   0.01   0.01  -0     -0.02  -0.01   0     -0.01  -0.01  -0.01   0.01   0.01   0.02 
 -0.01  -0.01   0     -0.01   0.01  -0.01  -0.01   0      0.01   0.02   0.02  -0      0.02   0     -0      0     -0.01   0.02   0      0.01   0.02   0.02   1     -0.02  -0.02   0.01  -0.01  -0.01  -0.01   0.01  -0      0     -0     -0.01  -0.03   0      0.01   0      0      0    
  0.01  -0.01   0.02   0.02   0.02   0.01   0.02   0      0.01   0.02   0     -0     -0.01  -0.01  -0.02  -0.01  -0.01  -0.01  -0.02   0     -0      0     -0.02   1      0.01  -0.01   0.02   0.02   0.01   0.01  -0.01  -0      0     -0.01  -0.01   0     -0.01  -0.01   0     -0.01 
  0.01   0.01   0.01  -0.01   0     -0.01  -0     -0.01  -0      0.02   0      0.02   0.01  -0.01   0.01   0.02   0      0.01   0.01  -0.02  -0.01  -0     -0.02   0.01   1     -0      0      0.02   0.01  -0.02   0.02  -0.01   0.04  -0     -0.01   0.02   0.02   0.01  -0     -0.01 
  0     -0      0.02   0.01   0.02   0.01   0.01  -0.01  -0     -0     -0.01  -0     -0.01  -0.01  -0.01   0.01  -0      0.01  -0.01   0.01  -0     -0      0.01  -0.01  -0      1     -0.02   0.01   0.01  -0.02   0.03   0.01  -0.01   0     -0.01   0.02  -0.01   0.02   0     -0.01 
 -0.01  -0     -0.01   0.01   0.01   0      0.01   0.02   0.03  -0      0     -0.01   0     -0.01  -0.01  -0     -0.01  -0.01  -0.02  -0.02  -0.02   0.01  -0.01   0.02   0     -0.02   1      0.01   0      0.01   0.01  -0      0.02   0      0      0.02   0.01   0     -0.01   0.03 
 -0.02  -0.01   0.01  -0     -0.01  -0.01  -0.01   0.01   0.01   0.01   0.01   0.01   0     -0     -0      0     -0      0     -0.02   0.02  -0.02   0.01  -0.01   0.02   0.02   0.01   0.01   1      0.01  -0.02   0.01   0.01  -0.01   0.02   0     -0.02  -0.02  -0.05  -0.02  -0.01 
  0     -0.01   0.01  -0.01  -0.02  -0.01  -0      0      0.01   0.01   0.03   0.03   0.02  -0     -0.01  -0.01  -0.01  -0.02  -0.01  -0.01  -0.02   0.01  -0.01   0.01   0.01   0.01   0      0.01   1     -0.01  -0.02   0.02  -0.01   0.03   0.01  -0.01  -0.02  -0     -0.02  -0.02 
  0.01  -0.01   0     -0.01   0.01   0.01   0.01   0.01   0     -0     -0.02  -0.02  -0     -0.01  -0     -0.01   0.01  -0.02  -0     -0     -0.03   0.01   0.01   0.01  -0.02  -0.02   0.01  -0.02  -0.01   1      0     -0.02   0.01   0.02  -0.01  -0.01  -0      0.02  -0.02   0.02 
 -0.01  -0.02  -0.01  -0.01  -0.01  -0.01  -0.02  -0.01  -0.02  -0.01  -0      0.01   0.02   0.01   0.02   0.01   0.01   0      0.02   0.01   0.01  -0     -0     -0.01   0.02   0.03   0.01   0.01  -0.02   0      1      0.01   0.01   0.01  -0      0.02   0.02   0.01   0.01   0    
  0.01  -0.01   0     -0.01  -0.01  -0.01  -0     -0     -0.01  -0.02  -0     -0     -0      0.02   0      0.01   0     -0      0.01   0.01   0.01  -0.02   0     -0     -0.01   0.01  -0      0.01   0.02  -0.02   0.01   1     -0.02  -0.01   0.03  -0.02  -0.01  -0.01  -0.02  -0.02 
 -0.02   0.02  -0.03  -0.01  -0.01  -0.02  -0.01  -0.02  -0.01  -0.01   0      0.02   0.03   0.01   0.02   0.01   0.02   0.01   0.01  -0.01   0     -0.01  -0      0      0.04  -0.01   0.02  -0.01  -0.01   0.01   0.01  -0.02   1     -0     -0.01  -0      0     -0.01   0.02  -0.01 
 -0     -0      0.02   0.02   0.03   0.01   0.02  -0      0     -0.01  -0.01  -0     -0.02  -0.02   0.01  -0.01  -0      0     -0.01  -0.02   0.01   0     -0.01  -0.01  -0      0      0      0.02   0.03   0.02   0.01  -0.01  -0      1      0.01   0.02  -0.02  -0.01   0.01   0    
  0     -0.01   0.01   0.01   0     -0.01   0.01   0.02   0     -0.01  -0.02  -0.01  -0     -0.01  -0.01   0     -0.01  -0.02   0.01   0.01  -0.02  -0.01  -0.03  -0.01  -0.01  -0.01   0      0      0.01  -0.01  -0      0.03  -0.01   0.01   1     -0.01  -0.01  -0.02  -0     -0    
  0.01  -0     -0.01   0      0     -0.01  -0     -0.01  -0.02  -0.03  -0.01  -0.01  -0     -0     -0.01   0.02   0.01   0     -0.02   0.04  -0.01  -0.01   0      0      0.02   0.02   0.02  -0.02  -0.01  -0.01   0.02  -0.02  -0      0.02  -0.01   1      0     -0     -0.01  -0.02 
 -0.01   0.01  -0.03  -0.02   0.01  -0.01  -0.01  -0.01  -0.01  -0.01   0.01   0.01   0.01   0.02   0.02   0.02   0.02  -0      0.01   0.01   0.01  -0.01   0.01  -0.01   0.02  -0.01   0.01  -0.02  -0.02  -0      0.02  -0.01   0     -0.02  -0.01   0      1     -0.01   0      0.01 
 -0.01   0.01   0      0.01   0.02   0.03   0.02   0.03   0.03   0.03   0.01   0.01  -0.02  -0.02  -0.04  -0.03  -0.04  -0.03  -0.03  -0.02  -0      0.01   0     -0.01   0.01   0.02   0     -0.05  -0      0.02   0.01  -0.01  -0.01  -0.01  -0.02  -0     -0.01   1     -0.01   0    
 -0.01   0.01   0.02   0.02   0.03   0.02   0.02   0.02  -0.01  -0.01  -0.03  -0.03  -0     -0.01   0.01   0      0.02   0.01  -0.01   0.01   0      0.01   0      0     -0      0     -0.01  -0.02  -0.02  -0.02   0.01  -0.02   0.02   0.01  -0     -0.01   0     -0.01   1     -0    
 -0.01   0.02   0      0.01   0.01   0     -0.01   0.02   0.01  -0.01  -0.02  -0.02  -0.03  -0.02   0.01  -0      0.03  -0.01   0.02  -0.01  -0.01   0.02   0     -0.01  -0.01  -0.01   0.03  -0.01  -0.02   0.02   0     -0.02  -0.01   0     -0     -0.02   0.01   0     -0      1    


eigenvalue	proportion	cumulative
  7.94866	  0.19872	  0.19872	0.305x7-0.302x15+0.297x8-0.293x14+0.283x6...
  3.2321 	  0.0808 	  0.27952	0.466x11+0.393x10+0.384x12-0.24x17+0.236x9...
  1.12711	  0.02818	  0.3077 	-0.402x28-0.368x29-0.309x32-0.308x35+0.28 x38...
  1.09725	  0.02743	  0.33513	0.462x25+0.408x33+0.35 x27-0.277x32-0.263x23...
  1.09567	  0.02739	  0.36252	-0.418x30-0.366x40+0.337x26+0.29 x21+0.286x36...
  1.06758	  0.02669	  0.38921	0.452x26+0.331x36+0.323x38+0.321x34-0.289x37...
  1.05255	  0.02631	  0.41552	-0.457x1+0.383x28+0.332x31-0.283x38-0.269x29...
  1.04491	  0.02612	  0.44165	0.405x39-0.322x27-0.288x32+0.274x22+0.268x21...
  1.03343	  0.02584	  0.46748	0.494x34+0.375x35-0.344x28-0.291x22-0.281x23...
  1.02717	  0.02568	  0.49316	0.511x36-0.395x38-0.248x25+0.228x1+0.228x24...
  1.00992	  0.02525	  0.51841	0.478x1-0.39x24+0.315x22+0.3  x40+0.287x37...
  1.00786	  0.0252 	  0.54361	-0.494x39+0.315x29+0.304x34+0.276x21-0.263x24...
  0.9997 	  0.02499	  0.5686 	-0.401x31-0.397x24-0.384x1-0.381x32-0.34x21...
  0.99254	  0.02481	  0.59341	-0.473x23+0.449x21-0.336x33+0.316x40-0.242x35...
  0.98824	  0.02471	  0.61812	0.526x27+0.38 x29-0.33x28-0.321x30+0.261x22...
  0.98169	  0.02454	  0.64266	-0.505x37+0.386x33-0.302x39-0.273x29+0.252x27...
  0.97127	  0.02428	  0.66694	0.487x26-0.384x22+0.335x40-0.293x35+0.25 x33...
  0.95713	  0.02393	  0.69087	0.476x35+0.383x40+0.356x24-0.328x27+0.233x26...
  0.94497	  0.02362	  0.71449	0.409x32+0.382x25+0.37 x40-0.322x37-0.314x26...
  0.9402 	  0.0235 	  0.738  	0.397x31+0.353x29-0.298x34-0.283x26-0.273x27...
  0.93271	  0.02332	  0.76132	0.432x31+0.423x23-0.407x32-0.287x22-0.278x30...
  0.91598	  0.0229 	  0.78422	-0.387x21-0.347x30-0.345x20-0.334x28-0.306x29...
  0.9068 	  0.02267	  0.80689	-0.433x38-0.431x2+0.353x25-0.3x28-0.242x33...
  0.87698	  0.02192	  0.82881	0.814x2-0.302x33+0.182x30-0.17x40-0.158x38...
  0.85341	  0.02134	  0.85015	0.777x20-0.312x36-0.309x28+0.204x34+0.173x25...
  0.68282	  0.01707	  0.86722	0.686x3+0.644x19-0.163x4+0.123x11+0.117x12...
  0.6655 	  0.01664	  0.88385	-0.689x19+0.647x3+0.157x18-0.104x4+0.096x16...
  0.48251	  0.01206	  0.89592	0.795x18-0.405x4+0.258x10-0.164x13+0.125x9...
  0.48177	  0.01204	  0.90796	0.825x4+0.392x18+0.233x12+0.199x10-0.119x5...
  0.43339	  0.01083	  0.9188 	0.713x10-0.606x12-0.217x9-0.156x5-0.103x18...
  0.39431	  0.00986	  0.92865	-0.608x12+0.474x11+0.375x9-0.36x10+0.26 x13...
  0.36921	  0.00923	  0.93788	0.7  x13-0.435x17-0.322x9+0.266x5-0.247x11...
  0.35346	  0.00884	  0.94672	-0.619x11-0.534x5+0.462x9-0.201x6-0.2x16...
  0.34199	  0.00855	  0.95527	0.652x14+0.482x5+0.393x9-0.249x11+0.178x10...

Eigenvectors
 V1	 V2	 V3	 V4	 V5	 V6	 V7	 V8	 V9	 V10	 V11	 V12	 V13	 V14	 V15	 V16	 V17	 V18	 V19	 V20	 V21	 V22	 V23	 V24	 V25	 V26	 V27	 V28	 V29	 V30	 V31	 V32	 V33	 V34	
-0.0052	 0.0089	-0.0576	-0.1459	-0.0197	-0.0225	-0.4566	-0.0861	-0.0337	 0.2283	 0.4777	-0.2253	-0.3842	-0.1571	-0.1516	 0.092 	 0.1784	-0.1332	-0.0307	-0.1179	 0.1944	-0.2232	-0.2161	-0.1408	 0.0405	 0.0158	 0.0217	 0.0017	 0.0014	-0.0054	 0.0239	-0.0031	 0.0177	 0.0054	x1
 0.1023	-0.116 	 0.0763	 0.0652	 0.018 	-0.127 	-0.0953	 0.0133	-0.0295	-0.0676	 0.0677	 0.045 	 0.1163	 0.0353	-0.0904	 0.1056	 0.1437	 0.06  	-0.0012	 0.0837	-0.0285	-0.0433	-0.431 	 0.8138	 0.0165	 0.0505	-0.0658	-0.0439	 0.0085	-0.0229	 0.0044	 0.0133	-0.0339	-0.0033	x2
 0.179 	-0.1862	-0.0751	-0.0012	 0.004 	 0.0264	-0.0004	 0.0304	-0.0059	-0.0221	-0.0337	 0.01  	 0.0234	-0.0273	-0.0267	-0.0565	 0.0184	 0.0066	 0.0507	-0.013 	 0.0533	-0.0017	 0.0485	-0.0078	 0.0484	 0.686 	 0.6468	-0.1032	 0.06  	 0.0272	 0.0085	-0.0091	 0.0048	 0.0127	x3
 0.2265	-0.2125	-0.0205	 0.0102	 0.0047	-0.001 	-0.0063	 0.0119	 0.004 	 0.0055	-0.0029	 0.0007	-0.0017	-0.0013	 0.0155	 0.0175	 0.0103	-0.0203	-0.005 	-0.0057	 0.033 	 0.0413	 0.0215	-0.0737	-0.0224	-0.163 	-0.1044	-0.4053	 0.8246	 0.0413	 0.0217	 0.0092	-0.0394	-0.0042	x4
 0.2546	-0.2298	 0.0199	 0.0039	 0.0232	 0.0164	 0.008 	 0.0082	-0.0094	 0.0139	 0.0052	 0.0094	-0.0212	-0.0195	 0.0148	-0.0102	-0.0105	 0.0103	-0.0151	-0.0275	 0.0045	-0.002 	 0.0053	-0.0618	 0.0172	-0.0524	-0.0408	 0.0657	-0.1188	-0.1557	-0.0767	 0.2657	-0.5339	 0.4817	x5
 0.2831	-0.1541	 0.0131	-0.009 	 0.0102	 0.0054	-0.0142	-0.0015	-0.0099	 0.0017	-0.0035	 0.0041	-0.0158	 0.0049	 0.0051	-0.0158	-0.0153	-0.0216	-0.0158	 0.0037	 0.0058	 0.0022	 0.0276	-0.0673	 0.0093	-0.0488	-0.0319	 0.1068	-0.0688	-0.0646	-0.0416	-0.0832	-0.2005	-0.0394	x6
 0.3049	-0.0895	-0.0108	 0.0096	 0.0108	-0.008 	 0.0055	 0.008 	 0.0032	 0.005 	-0.0185	 0.0066	 0.0009	-0.0146	 0.0129	-0.0081	-0.0141	-0.0014	-0.014 	 0.0025	-0.0207	 0.001 	 0.0208	-0.0215	 0.0194	-0.0161	-0.0399	 0.092 	-0.0345	-0.0914	-0.0073	-0.0474	 0.0261	-0.086 	x7
 0.2968	 0.0444	 0.0009	-0.0165	-0.01  	-0.0079	 0.0286	-0.0129	-0.0025	-0.0003	 0.0028	-0.0217	 0.0054	-0.0163	 0.0025	-0.0056	-0.0153	-0.0015	 0.0123	 0.0199	 0.0067	-0.0351	-0.0059	-0.0275	 0.0202	 0.0109	-0.0594	 0.0967	-0.0122	-0.079 	 0.0196	 0.0966	 0.0243	 0.1415	x8
 0.2493	 0.236 	 0.0122	 0.0016	-0.0091	-0.0139	 0.0393	-0.0046	 0.0036	 0.0072	-0.0062	 0.0055	 0.0187	 0.0078	-0.002 	 0.0195	 0.0184	 0.012 	 0.0205	 0.0002	-0.001 	-0.0192	-0.0023	 0.0065	 0.0533	 0.0702	-0.0541	 0.1252	 0.1094	-0.2168	 0.3747	-0.3216	 0.4622	 0.3932	x9
 0.1339	 0.3928	 0.0209	 0.0017	 0.0097	-0.0077	 0.0003	 0.0257	-0.0084	-0.012 	 0.0002	-0.0165	 0.0072	 0.0053	-0.0452	-0.0186	 0.0158	 0.0189	 0.0357	-0.0112	 0.0208	-0.0159	-0.0185	 0.047 	 0.043 	 0.066 	 0.0071	 0.2577	 0.1994	 0.7134	-0.36  	 0.0159	-0.0477	 0.1785	x10
-0.0084	 0.4663	 0.0014	-0.0072	 0.0195	 0.0075	 0.0168	 0.0042	-0.0066	 0.0195	 0.0019	-0.0047	 0.0165	-0.0006	-0.0114	-0.0018	 0.0038	 0.0135	 0.0149	 0.023 	-0.0131	 0.001 	-0.0248	 0.0142	 0.0752	 0.1234	-0.0129	-0.0442	 0.0924	-0.0242	 0.4737	-0.247 	-0.6193	-0.2489	x11
-0.1458	 0.3841	-0.0189	 0.0179	 0.0236	-0.0058	-0.0088	 0.0103	 0.0175	-0.0116	 0.0094	-0.0035	 0.0119	 0.0146	-0.0105	-0.0091	 0.0151	 0.0164	 0.0032	-0.007 	-0.0005	-0.001 	-0.034 	 0.0234	 0.0433	 0.1173	 0.0446	 0.028 	 0.2325	-0.6064	-0.6078	-0.0515	-0.074 	 0.0082	x12
-0.2543	 0.2207	 0.0011	 0.0177	 0.0005	 0.0017	 0.0022	 0.0185	 0.0172	-0.0034	-0.0228	-0.0058	 0.0099	-0.0366	 0.0174	 0.0023	 0.0118	-0.0019	 0.0009	-0.0022	 0.0152	-0.0043	-0.0044	 0.05  	-0.0067	 0.0476	 0.091 	-0.164 	 0.1106	-0.0395	 0.2604	 0.7003	 0.1124	 0.034 	x13
-0.2928	 0.0573	 0.0039	-0.0157	-0.0032	-0.0108	 0.0018	-0.0011	-0.0045	-0.0015	-0.0192	-0.0108	 0.0053	-0.0001	 0.0084	-0.0059	 0.0071	-0.023 	-0.0031	 0.0014	-0.0142	 0.0149	-0.0165	 0.0375	-0.0226	-0.0187	 0.052 	-0.1235	 0.0277	 0.0241	 0.0849	-0.2016	-0.0805	 0.6524	x14
-0.3024	-0.1028	 0.009 	 0.0178	-0.0178	-0.0104	 0.0049	 0.0105	 0.016 	-0.0174	 0.0153	 0.0064	-0.0105	 0.0032	-0.0065	-0.0063	 0.0168	-0.0132	 0.0017	-0.019 	 0.0068	 0.0174	 0.0012	 0.0176	-0.0221	-0.0335	 0.0684	-0.0789	 0.01  	 0.0425	-0.0011	-0.0145	-0.0087	 0.143 	x15
-0.2819	-0.1565	-0.0051	 0.0174	 0.0113	 0.007 	-0.009 	-0.0069	-0.0121	-0.0031	 0.0015	 0.005 	 0.0089	 0.0005	 0.0057	 0.0035	 0.0018	-0.0009	 0.0084	-0.038 	 0.0059	 0.0011	 0.0076	 0.0143	-0.0312	-0.0322	 0.0961	-0.0424	 0.01  	 0.0739	 0.0338	-0.1175	-0.2001	 0.161 	x16
-0.2522	-0.2403	 0.013 	 0.023 	-0.0165	-0.0044	-0.0084	 0.0056	 0.0021	-0.0063	 0.0016	 0.0001	 0.0016	 0.0121	-0.0046	-0.0172	 0.0356	-0.0036	 0.0106	 0.0001	-0.0048	-0.0053	-0.0119	 0.0145	-0.031 	-0.06  	 0.0914	-0.1059	 0.032 	 0.0706	-0.1209	-0.435 	-0.0048	-0.1056	x17
-0.2237	-0.224 	 0.0146	 0.0026	 0.0058	 0.0245	-0.0245	 0.0547	-0.0467	-0.0261	 0.0104	 0.0214	 0.0052	 0.0044	 0.0083	 0.0335	 0.0002	-0.0214	 0.0042	-0.0368	 0.0153	 0.033 	 0.0052	 0.0453	-0.0408	-0.0681	 0.1568	 0.7949	 0.3925	-0.1033	 0.1802	 0.0659	-0.0437	-0.0615	x18
-0.18  	-0.1816	 0.0099	-0.033 	-0.0334	-0.0457	-0.011 	-0.0442	 0.0187	-0.049 	 0.0256	 0.0343	-0.0085	-0.0148	-0.0217	-0.0232	-0.0139	 0.0087	 0.0164	 0.028 	 0.0817	 0.0573	 0.0631	-0.0674	-0.0172	 0.6441	-0.6887	 0.0661	 0.0667	 0.0285	-0.0016	 0.0164	-0.0123	 0.0182	x19
-0.104 	-0.1189	-0.0668	-0.0796	 0.0866	 0.0578	 0.1415	-0.0097	-0.0766	 0.1472	-0.1471	-0.1038	 0.1255	-0.0168	-0.0286	-0.0205	-0.1001	 0.167 	 0.0265	 0.1322	-0.0609	-0.3455	-0.2268	-0.1234	 0.7774	-0.023 	-0.0413	 0.0124	 0.0356	 0.0195	-0.0065	 0.0209	 0.0256	-0.0036	x20
-0.0054	-0.0052	 0.1434	-0.2374	 0.2902	-0.0967	 0.0967	 0.2684	 0.1152	 0.1772	-0.0026	 0.2759	-0.3401	 0.4488	 0.2052	 0.2108	-0.0353	 0.1647	-0.0266	-0.0841	-0.0337	-0.3867	 0.1241	 0.0635	-0.1128	 0.0587	 0.0007	-0.0215	 0.0163	 0.008 	-0.0013	 0.0019	-0.001 	-0.0031	x21
 0.003 	 0.0081	 0.1259	-0.0378	-0.2612	 0.2613	 0.0239	 0.2742	-0.2906	-0.1925	 0.3147	-0.1405	-0.1846	-0.1359	 0.2612	 0.2367	-0.3842	 0.1419	-0.2238	 0.1721	-0.2873	 0.1068	 0.0003	 0.0531	 0.0431	 0.0626	 0.0151	-0.0371	 0.0147	 0.0135	-0.02  	-0.0162	 0.0106	 0.0109	x22
-0.0009	 0.012 	 0.2535	-0.2632	 0.03  	 0.204 	 0.2182	 0.1653	-0.2813	 0.197 	-0.0194	 0.2326	 0.0925	-0.4726	 0.0454	 0.0539	 0.0779	 0.1709	 0.2718	-0.1845	 0.423 	 0.0592	-0.0168	 0.0564	-0.0608	-0.0405	-0.0175	-0.034 	-0.0281	-0.0203	-0.0262	-0.0258	 0.0123	-0.0208	x23
 0.0069	 0.0027	-0.1567	 0.2189	-0.12  	 0.0127	-0.1399	 0.1311	-0.2731	 0.2282	-0.39  	-0.2634	-0.3973	 0.1905	 0.1618	-0.2515	 0.0938	 0.3565	 0.0594	-0.0887	 0.1166	 0.2536	-0.113 	 0.0591	-0.0165	 0.0038	-0.0421	 0.0067	-0.0132	-0.0093	 0.0133	-0.002 	 0.0103	-0.0008	x24
-0.0024	 0.0045	-0.0283	 0.4621	 0.2545	-0.0832	-0.2675	-0.0147	-0.1985	-0.2485	 0.2051	 0.1638	-0.0512	-0.0656	-0.0918	-0.038 	-0.2247	 0.1782	 0.3818	-0.2014	-0.0029	-0.1316	 0.3527	 0.0913	 0.173 	-0.0512	-0.0282	-0.0321	-0.0136	-0.0106	 0.0198	-0.0046	 0.0116	 0.006 	x25
 0.0026	-0.0086	-0.1025	-0.0936	 0.3371	 0.4516	 0.0523	-0.1058	-0.0615	-0.2088	 0.0162	-0.1102	-0.0028	-0.0304	-0.126 	 0.0418	 0.4866	 0.2326	-0.3135	-0.2833	-0.2392	 0.0455	 0.1784	 0.0621	 0.0489	 0.0158	-0.0515	-0.0086	-0.0024	 0.008 	 0.0079	 0.0004	 0.0159	-0.0005	x26
 0.0057	 0.0067	 0.0263	 0.3498	-0.2358	 0.0421	 0.1865	-0.3216	-0.1139	 0.1406	-0.0021	 0.0143	-0.0073	 0.0162	 0.5256	 0.2518	 0.2026	-0.3275	-0.0702	-0.2725	 0.0683	-0.1673	 0.112 	 0.1039	 0.1416	 0.0503	-0.0132	 0.0073	 0.0011	 0.0199	-0.0276	-0.003 	-0.0174	-0.0144	x27
-0.0004	 0.01  	-0.402 	 0.2158	-0.0674	 0.0542	 0.3829	 0.1751	-0.3441	-0.0719	 0.0184	 0.061 	-0.0034	 0.0582	-0.3297	 0.0372	-0.0781	-0.1215	-0.0287	-0.1601	-0.0242	-0.3338	-0.2997	-0.1317	-0.3091	 0.0273	-0.0483	-0.0071	-0.0037	-0.0029	 0.0077	 0.0047	-0.0066	-0.0029	x28
-0.0004	 0.0263	-0.3678	 0.0138	-0.1184	 0.1664	-0.2686	 0.0995	 0.0289	-0.1127	 0.0864	 0.3154	 0.1965	-0.0827	 0.3804	-0.2727	 0.2034	 0.1825	-0.1249	 0.3535	 0.1696	-0.306 	 0.019 	-0.029 	-0.1123	-0.0417	-0.0212	 0.0212	-0.0017	 0.0124	 0.0062	-0.012 	-0.0082	 0.0193	x29
 0.0024	-0.0066	 0.2103	 0.0378	-0.4178	 0.2246	-0.066 	-0.1442	 0.1454	 0.2121	-0.2379	 0.1662	-0.2243	-0.2228	-0.3208	-0.2273	-0.0779	 0.0406	-0.0547	-0.0122	-0.2779	-0.3468	 0.2192	 0.182 	-0.074 	 0.0089	-0.0132	 0.0073	 0.0545	-0.0192	-0.0031	-0.0029	-0.0161	-0.0012	x30
-0.0081	-0.0036	 0.0779	 0.2141	 0.2801	 0.2719	 0.3322	-0.2215	 0.1363	-0.1198	 0.0797	-0.0471	-0.4014	-0.0093	-0.0648	-0.1524	-0.1313	-0.0992	-0.1255	 0.3974	 0.432 	 0.0112	 0.0008	 0.1265	 0.0159	-0.0275	 0.0262	 0.0133	 0.0088	-0.0034	 0.0051	-0.0141	 0.0071	 0.0027	x31
-0.0039	-0.0043	-0.3094	-0.2765	 0.1173	-0.0936	 0.1265	-0.2878	-0.0764	-0.1044	-0.0543	 0.2061	-0.3812	-0.2331	 0.1949	-0.0246	 0.0782	-0.1194	 0.4094	 0.1411	-0.4072	 0.1156	-0.1266	 0.032 	-0.0125	-0.0068	 0.0035	 0.0175	 0.0207	 0.0097	-0.0137	 0.0087	-0.0019	-0.0015	x32
-0.008 	 0.0046	 0.2016	 0.4081	 0.0733	-0.1806	-0.064 	 0.1431	 0.184 	-0.105 	-0.2284	 0.2169	-0.1661	-0.3363	-0.0399	 0.3856	 0.2501	 0.1712	-0.1386	 0.1531	-0.0804	 0.0279	-0.2424	-0.3016	-0.0067	 0.0327	 0.0274	 0.0152	-0.0123	 0.0189	-0.0005	-0.0126	 0.0024	 0.0001	x33
 0.0054	-0.0133	-0.1595	 0.1643	-0.13  	 0.3208	 0.0878	 0.2301	 0.4935	 0.1396	 0.2796	 0.3041	-0.0594	 0.0978	 0.0142	-0.114 	-0.0489	-0.0114	 0.1307	-0.2984	-0.0624	 0.3042	-0.238 	-0.008 	 0.2044	-0.0057	-0.03  	 0.0033	-0.0191	 0.0165	 0.0118	 0.0025	 0.0146	 0.0034	x34
 0.003 	-0.0059	-0.3077	-0.0937	-0.0889	-0.2132	 0.1512	-0.2587	 0.3754	-0.0877	-0.0025	-0.2184	 0.0014	-0.2424	 0.098 	 0.175 	-0.2931	 0.476 	-0.101 	-0.2647	 0.1617	-0.1033	 0.0002	 0.0932	-0.1245	-0.0214	 0.0236	 0.0276	 0.0177	 0.0069	 0.0039	-0.0246	-0.0242	-0.0057	x35
-0.0021	-0.0128	-0.029 	 0.2112	 0.2863	 0.3313	-0.0914	-0.1771	 0.0509	 0.5114	 0.0497	-0.1863	 0.2652	 0.0033	 0.0655	 0.2169	-0.1346	 0.1244	 0.2382	 0.231 	-0.2118	-0.0235	-0.0681	-0.0385	-0.3122	 0.0702	-0.0168	 0.0186	 0.0151	 0.0115	-0.0129	 0.0011	 0.0057	 0.0156	x36
-0.0064	 0.001 	 0.2684	 0.1018	 0.1954	-0.2888	 0.1441	-0.2144	-0.1615	 0.1889	 0.2868	 0.1561	 0.0628	-0.0855	 0.1458	-0.5053	-0.0667	 0.1735	-0.3221	-0.1428	-0.2061	 0.0356	-0.2133	-0.1091	-0.0835	 0.0416	 0.0404	 0.0092	 0.0377	 0.0147	 0.0123	 0.0062	 0.026 	-0.0107	x37
 0.0137	 0.0189	 0.2802	-0.0962	 0.0461	 0.3232	-0.2825	-0.2472	 0.0115	-0.3947	-0.2629	 0.0391	 0.0254	 0.1531	 0.1615	-0.0502	-0.2369	-0.0476	 0.0987	-0.2551	 0.0644	-0.1412	-0.433 	-0.1576	-0.1151	 0.0284	 0.0063	-0.0167	 0.0087	 0.0006	 0.0145	-0.0056	 0.0119	-0.0068	x38
 0.0039	-0.026 	 0.1582	 0.0854	 0.12  	-0.0333	 0.1449	 0.4047	 0.262 	-0.1486	 0.0104	-0.4937	-0.003 	-0.2422	 0.2348	-0.3019	 0.15  	-0.162 	 0.2433	-0.0735	-0.1415	-0.2756	-0.0109	 0.0399	-0.102 	 0.0195	-0.0549	 0.0061	 0.0039	-0.0115	 0.0082	-0.0142	-0.0051	-0.0185	x39
 0.0025	-0.0181	 0.2466	 0.0203	-0.366 	-0.0094	 0.2411	-0.2058	 0.0014	-0.1758	 0.3004	-0.0888	 0.0179	 0.3162	-0.087 	 0.0172	 0.3355	 0.3833	 0.3697	 0.1631	-0.0046	-0.0617	-0.0285	-0.1703	-0.0469	-0.0263	 0.0499	 0.0052	 0.0096	-0.0175	 0.0083	 0.0378	-0.0216	-0.0032	x40

Ranked attributes:
 0.8013    1 0.305x7-0.302x15+0.297x8-0.293x14+0.283x6...
 0.7205    2 0.466x11+0.393x10+0.384x12-0.24x17+0.236x9...
 0.6923    3 -0.402x28-0.368x29-0.309x32-0.308x35+0.28 x38...
 0.6649    4 0.462x25+0.408x33+0.35 x27-0.277x32-0.263x23...
 0.6375    5 -0.418x30-0.366x40+0.337x26+0.29 x21+0.286x36...
 0.6108    6 0.452x26+0.331x36+0.323x38+0.321x34-0.289x37...
 0.5845    7 -0.457x1+0.383x28+0.332x31-0.283x38-0.269x29...
 0.5584    8 0.405x39-0.322x27-0.288x32+0.274x22+0.268x21...
 0.5325    9 0.494x34+0.375x35-0.344x28-0.291x22-0.281x23...
 0.5068   10 0.511x36-0.395x38-0.248x25+0.228x1+0.228x24...
 0.4816   11 0.478x1-0.39x24+0.315x22+0.3  x40+0.287x37...
 0.4564   12 -0.494x39+0.315x29+0.304x34+0.276x21-0.263x24...
 0.4314   13 -0.401x31-0.397x24-0.384x1-0.381x32-0.34x21...
 0.4066   14 -0.473x23+0.449x21-0.336x33+0.316x40-0.242x35...
 0.3819   15 0.526x27+0.38 x29-0.33x28-0.321x30+0.261x22...
 0.3573   16 -0.505x37+0.386x33-0.302x39-0.273x29+0.252x27...
 0.3331   17 0.487x26-0.384x22+0.335x40-0.293x35+0.25 x33...
 0.3091   18 0.476x35+0.383x40+0.356x24-0.328x27+0.233x26...
 0.2855   19 0.409x32+0.382x25+0.37 x40-0.322x37-0.314x26...
 0.262    20 0.397x31+0.353x29-0.298x34-0.283x26-0.273x27...
 0.2387   21 0.432x31+0.423x23-0.407x32-0.287x22-0.278x30...
 0.2158   22 -0.387x21-0.347x30-0.345x20-0.334x28-0.306x29...
 0.1931   23 -0.433x38-0.431x2+0.353x25-0.3x28-0.242x33...
 0.1712   24 0.814x2-0.302x33+0.182x30-0.17x40-0.158x38...
 0.1499   25 0.777x20-0.312x36-0.309x28+0.204x34+0.173x25...
 0.1328   26 0.686x3+0.644x19-0.163x4+0.123x11+0.117x12...
 0.1161   27 -0.689x19+0.647x3+0.157x18-0.104x4+0.096x16...
 0.1041   28 0.795x18-0.405x4+0.258x10-0.164x13+0.125x9...
 0.092    29 0.825x4+0.392x18+0.233x12+0.199x10-0.119x5...
 0.0812   30 0.713x10-0.606x12-0.217x9-0.156x5-0.103x18...
 0.0713   31 -0.608x12+0.474x11+0.375x9-0.36x10+0.26 x13...
 0.0621   32 0.7  x13-0.435x17-0.322x9+0.266x5-0.247x11...
 0.0533   33 -0.619x11-0.534x5+0.462x9-0.201x6-0.2x16...
 0.0447   34 0.652x14+0.482x5+0.393x9-0.249x11+0.178x10...

Selected attributes: 1,2,3,4,5,6,7,8,9,10,11,12,13,14,15,16,17,18,19,20,21,22,23,24,25,26,27,28,29,30,31,32,33,34 : 34

